1.05167140361892
-0.0726911769514403
0.527064506615206
0.908333720196705
-0.477201234082352
-0.358303466201292
0.243025649694404
0.563614548766351
0.431706591165113
-0.719926213326758
0.0775491045167807
-0.766347452886263
2.01413755842656
2.04437038253822
-0.228494800528675
0.264440457668798
1.2032933260513
-0.247642884895848
0.0954652099881365
0.29834294882577
1.21941547785876
0.355460656784204
0.167285169093205
0.215261455553223
-0.934616258173023
1.74545298028281
-0.137990812520928
-1.63240768605127
2.18106926777769
1.24484882923595
0.534503919598972
-0.788667942476581
1.22993103946619
-0.29954004324812
0.0649658073923499
0.593385553219153
1.74431931528013
-0.482078222550292
-0.693103021469256
-1.46383186771852
1.4886425073868
0.344916703568726
1.10124306719879
-1.09751538000727
-0.43113500025632
-2.15189513858991
0.171639971583365
0.962076126586991
-0.182852191306371
-0.119018727103824
1.2599834990063
2.01488184492669
1.01068710572108
0.573950909929388
2.29740370201424
3.05792274955724
2.37602799050164
0.322505287628388
2.58911249770206
1.43031667769775
3.30776018817757
1.33733514733285
1.89660147695736
2.48165340555997
3.55581776610346
1.26517470883352
1.85410468681683
0.198723363725339
2.22745496537785
1.6589452298365
2.13083502826764
3.78098035137884
2.63402998006166
2.75130320384368
1.73665526332455
3.67250995350029
1.28245341308564
2.88587190704908
1.9398926999264
0.385811191369285
0.75571504710186
0.762079922996654
-1.87352958569822
1.24571948002049
1.24382729438646
-0.983527775142616
0.869303873554903
1.59073026800445
0.597737210991306
-0.169813199686233
-1.61576672033708
0.313453104132156
-0.791541590453397
0.25846178023487
0.743937753782202
0.178519511389291
0.216886000676144
-0.423459114044419
-1.83272912713269
-0.406874583715028
-0.216492160246071
-0.306054260783755
-0.863747317193778
-0.476521209840908
1.12762848627311
-0.176700767431597
-0.259185259322411
0.182643600838677
-0.197894824113939
0.736321560692109
0.415719355012338
0.229973781605544
-0.04726952754861
-1.08193131938803
1.37032519715432
-1.59102488849737
0.543810729089517
0.662735182608309
0.893604989443005
0.559254454650279
0.0816185552326121
0.570736901178713
-1.81910648794508
0.247091856274461
0.319682441412315
-1.21158925575416
1.10192182142348
1.11326897921223
0.366970004844517
-0.272809834817231
3.05042841016065
0.838730640474282
3.72341154625624
2.861762085364
1.89821662000682
2.78668933466713
3.69955842150031
1.3686901580185
2.33852623366589
1.9460640506285
3.07301618366521
0.975938163477166
2.55299405472393
2.30691733266247
4.11443835881591
2.64829854986599
1.70477058229539
2.33669847711165
3.24155841432519
2.93417122384417
1.66508878281294
3.62990964324884
0.475724332273061
1.5133170831813
0.793249391695862
1.19021163735815
1.58547277413237
2.41491320359921
2.33734529861651
2.34020550942349
